Illumina Inc. BeadStudio version 3.3.7
Normalization = none
Array Content = MouseRef-8_V1_1_R2_11234312_A.bgx.xml
Error Model = none
DateTime = 10/22/2008 3:37 PM
Local Settings = en-US

TargetID	ProbeID	MIN_Signal-1745080067_B	AVG_Signal-1745080067_B	MAX_Signal-1745080067_B	NARRAYS-1745080067_B	ARRAY_STDEV-1745080067_B	BEAD_STDEV-1745080067_B	Avg_NBEADS-1745080067_B	Detection-1745080067_B	MIN_Signal-1745080067_A	AVG_Signal-1745080067_A	MAX_Signal-1745080067_A	NARRAYS-1745080067_A	ARRAY_STDEV-1745080067_A	BEAD_STDEV-1745080067_A	Avg_NBEADS-1745080067_A	Detection-1745080067_A	MIN_Signal-1745080067_D	AVG_Signal-1745080067_D	MAX_Signal-1745080067_D	NARRAYS-1745080067_D	ARRAY_STDEV-1745080067_D	BEAD_STDEV-1745080067_D	Avg_NBEADS-1745080067_D	Detection-1745080067_D	MIN_Signal-1745080067_E	AVG_Signal-1745080067_E	MAX_Signal-1745080067_E	NARRAYS-1745080067_E	ARRAY_STDEV-1745080067_E	BEAD_STDEV-1745080067_E	Avg_NBEADS-1745080067_E	Detection-1745080067_E	MIN_Signal-1745080067_C	AVG_Signal-1745080067_C	MAX_Signal-1745080067_C	NARRAYS-1745080067_C	ARRAY_STDEV-1745080067_C	BEAD_STDEV-1745080067_C	Avg_NBEADS-1745080067_C	Detection-1745080067_C	MIN_Signal-1745080067_F	AVG_Signal-1745080067_F	MAX_Signal-1745080067_F	NARRAYS-1745080067_F	ARRAY_STDEV-1745080067_F	BEAD_STDEV-1745080067_F	Avg_NBEADS-1745080067_F	Detection-1745080067_F	MIN_Signal-1745080067_G	AVG_Signal-1745080067_G	MAX_Signal-1745080067_G	NARRAYS-1745080067_G	ARRAY_STDEV-1745080067_G	BEAD_STDEV-1745080067_G	Avg_NBEADS-1745080067_G	Detection-1745080067_G	MIN_Signal-1745080067_H	AVG_Signal-1745080067_H	MAX_Signal-1745080067_H	NARRAYS-1745080067_H	ARRAY_STDEV-1745080067_H	BEAD_STDEV-1745080067_H	Avg_NBEADS-1745080067_H	Detection-1745080067_H	MIN_Signal-1745080070_A	AVG_Signal-1745080070_A	MAX_Signal-1745080070_A	NARRAYS-1745080070_A	ARRAY_STDEV-1745080070_A	BEAD_STDEV-1745080070_A	Avg_NBEADS-1745080070_A	Detection-1745080070_A	MIN_Signal-1745080070_B	AVG_Signal-1745080070_B	MAX_Signal-1745080070_B	NARRAYS-1745080070_B	ARRAY_STDEV-1745080070_B	BEAD_STDEV-1745080070_B	Avg_NBEADS-1745080070_B	Detection-1745080070_B	MIN_Signal-1745080070_C	AVG_Signal-1745080070_C	MAX_Signal-1745080070_C	NARRAYS-1745080070_C	ARRAY_STDEV-1745080070_C	BEAD_STDEV-1745080070_C	Avg_NBEADS-1745080070_C	Detection-1745080070_C	MIN_Signal-1745080070_D	AVG_Signal-1745080070_D	MAX_Signal-1745080070_D	NARRAYS-1745080070_D	ARRAY_STDEV-1745080070_D	BEAD_STDEV-1745080070_D	Avg_NBEADS-1745080070_D	Detection-1745080070_D	MIN_Signal-1745080070_E	AVG_Signal-1745080070_E	MAX_Signal-1745080070_E	NARRAYS-1745080070_E	ARRAY_STDEV-1745080070_E	BEAD_STDEV-1745080070_E	Avg_NBEADS-1745080070_E	Detection-1745080070_E	MIN_Signal-1745080070_F	AVG_Signal-1745080070_F	MAX_Signal-1745080070_F	NARRAYS-1745080070_F	ARRAY_STDEV-1745080070_F	BEAD_STDEV-1745080070_F	Avg_NBEADS-1745080070_F	Detection-1745080070_F	MIN_Signal-1745080070_G	AVG_Signal-1745080070_G	MAX_Signal-1745080070_G	NARRAYS-1745080070_G	ARRAY_STDEV-1745080070_G	BEAD_STDEV-1745080070_G	Avg_NBEADS-1745080070_G	Detection-1745080070_G	MIN_Signal-1745080070_H	AVG_Signal-1745080070_H	MAX_Signal-1745080070_H	NARRAYS-1745080070_H	ARRAY_STDEV-1745080070_H	BEAD_STDEV-1745080070_H	Avg_NBEADS-1745080070_H	Detection-1745080070_H	
0610005I04	580022	164.9	164.9	164.9	1	NaN	61.030	33	0.51703	164.9	164.9	164.9	1	NaN	57.871	29	0.73723	164.3	164.3	164.3	1	NaN	63.532	32	0.44404	160.7	160.7	160.7	1	NaN	58.681	31	0.49027	145.4	145.4	145.4	1	NaN	43.663	31	0.37956	171.3	171.3	171.3	1	NaN	53.904	32	0.31265	174.9	174.9	174.9	1	NaN	51.568	28	0.68856	178.7	178.7	178.7	1	NaN	76.765	40	0.71898	159.0	159.0	159.0	1	NaN	70.279	32	0.13504	175.8	175.8	175.8	1	NaN	87.779	38	0.68978	192.6	192.6	192.6	1	NaN	86.044	33	0.72384	185.3	185.3	185.3	1	NaN	87.770	30	0.81022	176.1	176.1	176.1	1	NaN	75.416	30	0.53285	164.3	164.3	164.3	1	NaN	70.182	35	0.49513	153.9	153.9	153.9	1	NaN	64.437	20	0.37226	154.0	154.0	154.0	1	NaN	90.374	30	0.48783	
0610006I08RIK	2940601	818.6	818.6	818.6	1	NaN	173.989	37	1.00000	581.1	581.1	581.1	1	NaN	135.653	33	0.99878	884.6	884.6	884.6	1	NaN	152.069	42	1.00000	731.5	731.5	731.5	1	NaN	147.504	54	0.99878	390.5	390.5	390.5	1	NaN	96.468	50	0.99878	1426.5	1426.5	1426.5	1	NaN	290.302	31	1.00000	891.3	891.3	891.3	1	NaN	252.002	35	1.00000	1067.3	1067.3	1067.3	1	NaN	231.634	26	1.00000	996.3	996.3	996.3	1	NaN	251.884	32	1.00000	889.1	889.1	889.1	1	NaN	314.223	36	1.00000	961.4	961.4	961.4	1	NaN	201.899	45	1.00000	878.0	878.0	878.0	1	NaN	228.926	37	1.00000	958.7	958.7	958.7	1	NaN	201.701	30	1.00000	895.5	895.5	895.5	1	NaN	240.451	44	1.00000	997.3	997.3	997.3	1	NaN	253.624	44	1.00000	864.5	864.5	864.5	1	NaN	213.957	26	1.00000	
0610007P14RIK	1240685	2794.6	2794.6	2794.6	1	NaN	626.419	40	1.00000	2294.4	2294.4	2294.4	1	NaN	506.941	35	1.00000	2356.1	2356.1	2356.1	1	NaN	360.275	41	1.00000	2448.7	2448.7	2448.7	1	NaN	607.321	41	1.00000	1380.7	1380.7	1380.7	1	NaN	262.511	42	1.00000	4075.3	4075.3	4075.3	1	NaN	870.102	34	1.00000	3033.0	3033.0	3033.0	1	NaN	891.528	40	1.00000	3080.7	3080.7	3080.7	1	NaN	705.391	37	1.00000	3056.7	3056.7	3056.7	1	NaN	725.068	40	1.00000	2620.2	2620.2	2620.2	1	NaN	633.308	37	1.00000	3133.2	3133.2	3133.2	1	NaN	814.682	31	1.00000	2730.9	2730.9	2730.9	1	NaN	629.620	37	1.00000	3288.9	3288.9	3288.9	1	NaN	769.009	28	1.00000	2967.8	2967.8	2967.8	1	NaN	700.572	35	1.00000	3334.0	3334.0	3334.0	1	NaN	872.194	42	1.00000	2890.7	2890.7	2890.7	1	NaN	753.746	47	1.00000	
0610007P14RIK	6450273	1141.4	1141.4	1141.4	1	NaN	310.905	34	1.00000	575.0	575.0	575.0	1	NaN	170.481	44	0.99878	1083.5	1083.5	1083.5	1	NaN	253.676	45	1.00000	1354.4	1354.4	1354.4	1	NaN	311.452	40	1.00000	351.3	351.3	351.3	1	NaN	83.844	52	0.99878	2118.4	2118.4	2118.4	1	NaN	303.150	27	1.00000	1127.2	1127.2	1127.2	1	NaN	287.507	44	1.00000	1218.1	1218.1	1218.1	1	NaN	316.381	45	1.00000	1233.8	1233.8	1233.8	1	NaN	351.838	34	1.00000	1063.8	1063.8	1063.8	1	NaN	258.855	29	1.00000	1344.1	1344.1	1344.1	1	NaN	391.389	42	1.00000	1085.7	1085.7	1085.7	1	NaN	270.162	36	1.00000	1366.8	1366.8	1366.8	1	NaN	376.497	31	1.00000	1289.8	1289.8	1289.8	1	NaN	438.910	41	1.00000	1221.1	1221.1	1221.1	1	NaN	414.107	42	1.00000	1169.9	1169.9	1169.9	1	NaN	332.620	33	1.00000	
0610007P22RIK	6020750	1825.1	1825.1	1825.1	1	NaN	527.300	23	1.00000	1762.6	1762.6	1762.6	1	NaN	345.571	49	1.00000	2421.2	2421.2	2421.2	1	NaN	438.903	37	1.00000	1896.0	1896.0	1896.0	1	NaN	392.627	54	1.00000	937.4	937.4	937.4	1	NaN	197.651	37	1.00000	2622.7	2622.7	2622.7	1	NaN	641.661	49	1.00000	2210.1	2210.1	2210.1	1	NaN	733.579	38	1.00000	1938.1	1938.1	1938.1	1	NaN	437.078	39	1.00000	2179.5	2179.5	2179.5	1	NaN	519.220	51	1.00000	2082.4	2082.4	2082.4	1	NaN	687.186	37	1.00000	2227.0	2227.0	2227.0	1	NaN	604.103	47	1.00000	1802.4	1802.4	1802.4	1	NaN	441.335	44	1.00000	2101.8	2101.8	2101.8	1	NaN	659.051	47	1.00000	2071.1	2071.1	2071.1	1	NaN	535.562	37	1.00000	1981.0	1981.0	1981.0	1	NaN	497.867	34	1.00000	2061.6	2061.6	2061.6	1	NaN	512.833	30	1.00000	
0610008C08RIK	1500619	155.7	155.7	155.7	1	NaN	62.223	31	0.36618	159.2	159.2	159.2	1	NaN	70.891	37	0.63504	177.2	177.2	177.2	1	NaN	66.745	44	0.64599	171.5	171.5	171.5	1	NaN	61.035	50	0.68735	165.1	165.1	165.1	1	NaN	57.524	38	0.76886	211.9	211.9	211.9	1	NaN	81.933	33	0.81509	163.2	163.2	163.2	1	NaN	65.805	42	0.53163	192.8	192.8	192.8	1	NaN	80.351	36	0.85158	204.6	204.6	204.6	1	NaN	87.925	56	0.76034	188.6	188.6	188.6	1	NaN	89.421	33	0.82360	176.3	176.3	176.3	1	NaN	64.840	36	0.48662	159.9	159.9	159.9	1	NaN	73.235	41	0.46594	177.8	177.8	177.8	1	NaN	70.838	50	0.55353	164.8	164.8	164.8	1	NaN	58.190	41	0.50243	201.0	201.0	201.0	1	NaN	102.210	36	0.90024	176.5	176.5	176.5	1	NaN	89.317	33	0.78589	
0610008F07RIK	5390524	153.8	153.8	153.8	1	NaN	57.034	35	0.32603	151.8	151.8	151.8	1	NaN	71.084	33	0.51703	148.1	148.1	148.1	1	NaN	48.545	33	0.17883	164.6	164.6	164.6	1	NaN	81.655	27	0.57543	156.0	156.0	156.0	1	NaN	64.266	36	0.61192	211.4	211.4	211.4	1	NaN	105.544	29	0.81265	164.3	164.3	164.3	1	NaN	68.046	39	0.54136	171.8	171.8	171.8	1	NaN	59.248	24	0.61557	154.1	154.1	154.1	1	NaN	62.007	30	0.09124	165.4	165.4	165.4	1	NaN	89.941	31	0.54988	158.6	158.6	158.6	1	NaN	64.749	36	0.17883	143.9	143.9	143.9	1	NaN	53.178	30	0.21046	185.4	185.4	185.4	1	NaN	91.867	34	0.66788	149.3	149.3	149.3	1	NaN	71.630	38	0.21533	188.7	188.7	188.7	1	NaN	117.702	31	0.82725	114.5	114.5	114.5	1	NaN	37.911	30	0.01825	
0610009B14RIK	7040520	254.6	254.6	254.6	1	NaN	101.683	33	0.98905	222.8	222.8	222.8	1	NaN	103.104	40	0.98540	286.1	286.1	286.1	1	NaN	82.550	35	0.98905	218.7	218.7	218.7	1	NaN	71.249	34	0.96837	153.3	153.3	153.3	1	NaN	42.351	33	0.55718	257.7	257.7	257.7	1	NaN	64.417	27	0.96350	231.4	231.4	231.4	1	NaN	94.190	31	0.97445	280.8	280.8	280.8	1	NaN	89.378	32	0.99027	276.6	276.6	276.6	1	NaN	77.081	45	0.98054	263.1	263.1	263.1	1	NaN	111.285	32	0.98905	291.0	291.0	291.0	1	NaN	102.853	57	0.98662	246.2	246.2	246.2	1	NaN	107.650	31	0.98054	276.1	276.1	276.1	1	NaN	94.823	47	0.98783	267.8	267.8	267.8	1	NaN	81.589	44	0.98783	260.4	260.4	260.4	1	NaN	90.974	48	0.98297	230.2	230.2	230.2	1	NaN	99.320	43	0.97567	
0610009B22RIK	620048	949.4	949.4	949.4	1	NaN	245.977	54	1.00000	865.7	865.7	865.7	1	NaN	310.198	45	1.00000	998.6	998.6	998.6	1	NaN	207.200	62	1.00000	955.2	955.2	955.2	1	NaN	264.551	65	1.00000	808.4	808.4	808.4	1	NaN	176.915	42	1.00000	1546.0	1546.0	1546.0	1	NaN	285.639	54	1.00000	1158.9	1158.9	1158.9	1	NaN	308.690	68	1.00000	1406.4	1406.4	1406.4	1	NaN	259.797	50	1.00000	1467.9	1467.9	1467.9	1	NaN	339.004	43	1.00000	1298.1	1298.1	1298.1	1	NaN	393.166	44	1.00000	1364.8	1364.8	1364.8	1	NaN	346.733	59	1.00000	1281.7	1281.7	1281.7	1	NaN	283.344	47	1.00000	1426.8	1426.8	1426.8	1	NaN	347.560	42	1.00000	1418.1	1418.1	1418.1	1	NaN	323.818	40	1.00000	1327.1	1327.1	1327.1	1	NaN	362.963	46	1.00000	1351.7	1351.7	1351.7	1	NaN	304.451	61	1.00000	
0610009D07RIK	2760193	122.0	122.0	122.0	1	NaN	55.155	32	0.01338	129.1	129.1	129.1	1	NaN	47.028	23	0.11314	165.9	165.9	165.9	1	NaN	103.169	23	0.48054	118.5	118.5	118.5	1	NaN	59.086	35	0.01946	135.9	135.9	135.9	1	NaN	50.269	29	0.20316	148.6	148.6	148.6	1	NaN	56.238	28	0.06083	125.6	125.6	125.6	1	NaN	48.711	20	0.05109	155.2	155.2	155.2	1	NaN	55.344	30	0.31630	139.2	139.2	139.2	1	NaN	53.872	44	0.01582	133.3	133.3	133.3	1	NaN	73.708	32	0.09246	130.1	130.1	130.1	1	NaN	37.377	29	0.01460	145.2	145.2	145.2	1	NaN	60.234	28	0.22993	151.5	151.5	151.5	1	NaN	69.809	33	0.13504	120.8	120.8	120.8	1	NaN	45.216	30	0.01095	124.0	124.0	124.0	1	NaN	63.658	30	0.03771	126.3	126.3	126.3	1	NaN	65.179	31	0.07664	
0610009O03RIK	5080592	185.6	185.6	185.6	1	NaN	84.719	36	0.78710	166.7	166.7	166.7	1	NaN	58.961	37	0.75426	230.0	230.0	230.0	1	NaN	111.111	26	0.97080	177.3	177.3	177.3	1	NaN	48.743	33	0.74453	208.5	208.5	208.5	1	NaN	73.092	50	0.98783	217.6	217.6	217.6	1	NaN	78.287	37	0.86253	189.7	189.7	189.7	1	NaN	84.688	36	0.84915	187.9	187.9	187.9	1	NaN	67.607	44	0.81265	203.1	203.1	203.1	1	NaN	95.918	38	0.73844	181.4	181.4	181.4	1	NaN	70.760	30	0.75304	203.3	203.3	203.3	1	NaN	88.703	37	0.81265	165.4	165.4	165.4	1	NaN	70.887	37	0.55596	196.1	196.1	196.1	1	NaN	72.373	51	0.77737	191.4	191.4	191.4	1	NaN	73.480	35	0.82360	198.0	198.0	198.0	1	NaN	88.517	44	0.88929	194.2	194.2	194.2	1	NaN	85.729	41	0.92579	
0610009O03RIK	6840128	1862.7	1862.7	1862.7	1	NaN	385.918	33	1.00000	1821.1	1821.1	1821.1	1	NaN	407.786	37	1.00000	1550.0	1550.0	1550.0	1	NaN	281.189	37	1.00000	2285.0	2285.0	2285.0	1	NaN	432.021	38	1.00000	513.4	513.4	513.4	1	NaN	135.165	35	0.99878	2589.9	2589.9	2589.9	1	NaN	407.590	36	1.00000	2492.6	2492.6	2492.6	1	NaN	576.162	47	1.00000	2181.2	2181.2	2181.2	1	NaN	428.643	39	1.00000	2293.0	2293.0	2293.0	1	NaN	489.584	40	1.00000	1842.5	1842.5	1842.5	1	NaN	437.335	36	1.00000	2257.3	2257.3	2257.3	1	NaN	509.788	34	1.00000	2064.9	2064.9	2064.9	1	NaN	512.334	37	1.00000	2246.8	2246.8	2246.8	1	NaN	465.056	42	1.00000	2230.8	2230.8	2230.8	1	NaN	558.529	34	1.00000	2261.9	2261.9	2261.9	1	NaN	504.458	32	1.00000	2011.4	2011.4	2011.4	1	NaN	611.247	35	1.00000	
0610009O20RIK	5670132	745.6	745.6	745.6	1	NaN	189.289	42	1.00000	675.6	675.6	675.6	1	NaN	222.687	30	0.99878	550.5	550.5	550.5	1	NaN	137.624	46	1.00000	740.8	740.8	740.8	1	NaN	208.301	41	0.99878	486.4	486.4	486.4	1	NaN	131.943	37	0.99878	1000.0	1000.0	1000.0	1	NaN	191.023	40	1.00000	876.8	876.8	876.8	1	NaN	250.325	38	1.00000	840.0	840.0	840.0	1	NaN	190.432	37	1.00000	818.8	818.8	818.8	1	NaN	223.617	45	0.99878	728.2	728.2	728.2	1	NaN	212.033	46	1.00000	821.2	821.2	821.2	1	NaN	216.108	41	1.00000	751.5	751.5	751.5	1	NaN	262.624	36	0.99878	855.4	855.4	855.4	1	NaN	237.391	37	1.00000	759.5	759.5	759.5	1	NaN	220.986	36	0.99878	793.2	793.2	793.2	1	NaN	209.778	42	1.00000	714.5	714.5	714.5	1	NaN	147.656	34	0.99878	
0610010D20RIK	6130047	168.1	168.1	168.1	1	NaN	54.946	37	0.56813	148.6	148.6	148.6	1	NaN	57.403	24	0.45377	165.3	165.3	165.3	1	NaN	50.890	31	0.46472	149.9	149.9	149.9	1	NaN	66.005	21	0.32360	163.6	163.6	163.6	1	NaN	68.658	33	0.75304	209.7	209.7	209.7	1	NaN	63.172	31	0.80170	171.5	171.5	171.5	1	NaN	81.453	21	0.63869	171.8	171.8	171.8	1	NaN	56.467	41	0.61436	187.7	187.7	187.7	1	NaN	80.478	29	0.54136	168.3	168.3	168.3	1	NaN	78.085	32	0.58759	204.3	204.3	204.3	1	NaN	82.793	31	0.81752	178.4	178.4	178.4	1	NaN	77.647	29	0.74696	182.2	182.2	182.2	1	NaN	66.157	24	0.61557	189.0	189.0	189.0	1	NaN	71.487	26	0.79440	141.0	141.0	141.0	1	NaN	55.196	24	0.17762	196.7	196.7	196.7	1	NaN	86.947	14	0.93187	
0610010D24RIK	2060452	227.5	227.5	227.5	1	NaN	65.690	20	0.97567	170.9	170.9	170.9	1	NaN	89.584	24	0.79684	234.2	234.2	234.2	1	NaN	89.134	24	0.97324	186.0	186.0	186.0	1	NaN	79.136	26	0.82847	174.5	174.5	174.5	1	NaN	80.809	32	0.87470	221.7	221.7	221.7	1	NaN	95.836	31	0.87591	176.1	176.1	176.1	1	NaN	83.500	25	0.70195	243.7	243.7	243.7	1	NaN	59.153	37	0.97810	285.8	285.8	285.8	1	NaN	109.382	31	0.98175	224.7	224.7	224.7	1	NaN	118.493	34	0.96472	228.5	228.5	228.5	1	NaN	84.196	32	0.94891	235.1	235.1	235.1	1	NaN	116.709	28	0.97324	266.9	266.9	266.9	1	NaN	65.459	32	0.98662	255.3	255.3	255.3	1	NaN	88.138	35	0.98175	191.7	191.7	191.7	1	NaN	78.288	23	0.85037	242.9	242.9	242.9	1	NaN	115.763	20	0.98175	
0610010E21RIK	2470347	220.1	220.1	220.1	1	NaN	78.582	65	0.95255	199.4	199.4	199.4	1	NaN	74.609	61	0.95499	244.5	244.5	244.5	1	NaN	83.806	62	0.98175	210.8	210.8	210.8	1	NaN	70.127	60	0.95742	208.9	208.9	208.9	1	NaN	60.377	65	0.98905	258.2	258.2	258.2	1	NaN	66.083	73	0.96472	241.0	241.0	241.0	1	NaN	88.007	59	0.97932	244.8	244.8	244.8	1	NaN	79.409	55	0.97932	248.1	248.1	248.1	1	NaN	98.149	49	0.95377	177.2	177.2	177.2	1	NaN	72.060	59	0.70438	227.5	227.5	227.5	1	NaN	91.713	55	0.94769	223.3	223.3	223.3	1	NaN	78.398	41	0.96350	231.8	231.8	231.8	1	NaN	78.236	54	0.95134	256.2	256.2	256.2	1	NaN	97.557	53	0.98175	209.4	209.4	209.4	1	NaN	103.732	59	0.92214	194.7	194.7	194.7	1	NaN	74.272	68	0.92701	
0610010F05RIK	1450600	351.0	351.0	351.0	1	NaN	97.017	37	0.99635	429.0	429.0	429.0	1	NaN	132.262	46	0.99878	325.0	325.0	325.0	1	NaN	91.468	32	0.99513	444.6	444.6	444.6	1	NaN	184.389	40	0.99757	275.2	275.2	275.2	1	NaN	64.908	27	0.99757	449.9	449.9	449.9	1	NaN	132.851	43	0.99635	423.8	423.8	423.8	1	NaN	119.563	36	0.99757	372.2	372.2	372.2	1	NaN	117.567	30	0.99270	482.1	482.1	482.1	1	NaN	174.609	31	0.99757	368.4	368.4	368.4	1	NaN	112.281	37	0.99635	427.2	427.2	427.2	1	NaN	85.981	35	0.99757	426.3	426.3	426.3	1	NaN	167.890	42	0.99878	446.5	446.5	446.5	1	NaN	128.997	50	0.99757	441.3	441.3	441.3	1	NaN	131.858	37	0.99757	430.8	430.8	430.8	1	NaN	116.933	42	0.99757	339.6	339.6	339.6	1	NaN	110.297	32	0.99513	
0610010F05RIK	5130471	410.0	410.0	410.0	1	NaN	135.845	37	0.99757	346.2	346.2	346.2	1	NaN	117.288	42	0.99635	350.4	350.4	350.4	1	NaN	99.976	40	0.99513	431.3	431.3	431.3	1	NaN	126.700	38	0.99757	357.1	357.1	357.1	1	NaN	106.914	41	0.99878	593.8	593.8	593.8	1	NaN	106.120	43	0.99878	406.5	406.5	406.5	1	NaN	104.986	41	0.99757	391.3	391.3	391.3	1	NaN	120.972	46	0.99513	471.0	471.0	471.0	1	NaN	147.738	41	0.99757	378.5	378.5	378.5	1	NaN	134.760	46	0.99757	408.1	408.1	408.1	1	NaN	110.888	45	0.99757	394.4	394.4	394.4	1	NaN	161.923	49	0.99757	418.4	418.4	418.4	1	NaN	108.029	39	0.99757	398.9	398.9	398.9	1	NaN	107.547	53	0.99757	422.9	422.9	422.9	1	NaN	154.444	44	0.99757	413.2	413.2	413.2	1	NaN	137.337	34	0.99757	
0610010K06RIK	5270301	3881.4	3881.4	3881.4	1	NaN	839.205	20	1.00000	3394.8	3394.8	3394.8	1	NaN	615.180	27	1.00000	3283.2	3283.2	3283.2	1	NaN	823.601	28	1.00000	4219.0	4219.0	4219.0	1	NaN	710.390	39	1.00000	1675.6	1675.6	1675.6	1	NaN	340.425	41	1.00000	5714.3	5714.3	5714.3	1	NaN	1175.889	37	1.00000	4733.2	4733.2	4733.2	1	NaN	1166.547	29	1.00000	4967.7	4967.7	4967.7	1	NaN	840.279	31	1.00000	5285.7	5285.7	5285.7	1	NaN	1110.735	35	1.00000	4573.9	4573.9	4573.9	1	NaN	1261.992	31	1.00000	5152.4	5152.4	5152.4	1	NaN	884.676	42	1.00000	4932.7	4932.7	4932.7	1	NaN	636.685	22	1.00000	5042.3	5042.3	5042.3	1	NaN	1253.188	25	1.00000	4941.8	4941.8	4941.8	1	NaN	1240.291	30	1.00000	4960.4	4960.4	4960.4	1	NaN	1416.756	34	1.00000	4812.2	4812.2	4812.2	1	NaN	1138.605	32	1.00000	
0610010K14RIK	4480131	767.5	767.5	767.5	1	NaN	220.899	30	1.00000	609.6	609.6	609.6	1	NaN	228.108	16	0.99878	590.4	590.4	590.4	1	NaN	165.571	25	1.00000	613.8	613.8	613.8	1	NaN	200.488	28	0.99878	342.3	342.3	342.3	1	NaN	99.253	27	0.99757	1001.0	1001.0	1001.0	1	NaN	265.102	35	1.00000	713.9	713.9	713.9	1	NaN	236.142	31	0.99878	779.4	779.4	779.4	1	NaN	214.804	25	1.00000	807.8	807.8	807.8	1	NaN	288.674	31	0.99878	609.9	609.9	609.9	1	NaN	277.238	36	0.99878	781.4	781.4	781.4	1	NaN	336.199	36	1.00000	665.8	665.8	665.8	1	NaN	157.879	24	0.99878	871.4	871.4	871.4	1	NaN	194.448	21	1.00000	788.6	788.6	788.6	1	NaN	330.143	44	1.00000	703.9	703.9	703.9	1	NaN	211.947	36	0.99878	681.2	681.2	681.2	1	NaN	212.721	30	0.99878	
0610011F06RIK	1450075	692.1	692.1	692.1	1	NaN	196.620	36	0.99878	635.5	635.5	635.5	1	NaN	190.620	44	0.99878	584.1	584.1	584.1	1	NaN	111.864	30	1.00000	794.4	794.4	794.4	1	NaN	257.748	29	0.99878	373.7	373.7	373.7	1	NaN	103.518	49	0.99878	1272.5	1272.5	1272.5	1	NaN	262.504	31	1.00000	924.2	924.2	924.2	1	NaN	215.291	46	1.00000	803.7	803.7	803.7	1	NaN	274.106	35	1.00000	836.9	836.9	836.9	1	NaN	266.379	60	0.99878	759.6	759.6	759.6	1	NaN	287.612	47	1.00000	782.4	782.4	782.4	1	NaN	190.534	36	1.00000	784.2	784.2	784.2	1	NaN	236.457	33	0.99878	804.0	804.0	804.0	1	NaN	305.188	38	1.00000	835.1	835.1	835.1	1	NaN	196.967	44	1.00000	813.3	813.3	813.3	1	NaN	230.347	41	1.00000	800.1	800.1	800.1	1	NaN	247.976	35	1.00000	
0610011L14RIK	3990048	306.6	306.6	306.6	1	NaN	111.353	52	0.99270	283.1	283.1	283.1	1	NaN	117.633	43	0.99392	323.1	323.1	323.1	1	NaN	81.670	38	0.99513	295.1	295.1	295.1	1	NaN	82.445	46	0.99027	245.3	245.3	245.3	1	NaN	65.966	55	0.99635	385.8	385.8	385.8	1	NaN	109.888	63	0.99513	327.6	327.6	327.6	1	NaN	124.589	50	0.99270	319.8	319.8	319.8	1	NaN	99.839	44	0.99148	317.8	317.8	317.8	1	NaN	93.821	39	0.99027	280.7	280.7	280.7	1	NaN	127.142	53	0.99148	314.6	314.6	314.6	1	NaN	112.809	40	0.99270	301.4	301.4	301.4	1	NaN	123.175	46	0.99148	306.3	306.3	306.3	1	NaN	95.948	35	0.99148	322.4	322.4	322.4	1	NaN	105.582	46	0.99148	305.2	305.2	305.2	1	NaN	124.679	43	0.99027	261.2	261.2	261.2	1	NaN	112.273	55	0.98540	
0610012D14RIK	360594	180.9	180.9	180.9	1	NaN	83.691	21	0.73114	176.0	176.0	176.0	1	NaN	81.961	24	0.84672	162.9	162.9	162.9	1	NaN	79.155	24	0.42336	153.4	153.4	153.4	1	NaN	57.087	34	0.36496	185.1	185.1	185.1	1	NaN	83.981	23	0.95012	217.2	217.2	217.2	1	NaN	94.123	30	0.86131	162.7	162.7	162.7	1	NaN	56.743	29	0.52676	193.7	193.7	193.7	1	NaN	78.089	26	0.85280	211.5	211.5	211.5	1	NaN	75.008	33	0.83090	204.9	204.9	204.9	1	NaN	109.655	32	0.91484	238.7	238.7	238.7	1	NaN	116.881	39	0.96594	198.6	198.6	198.6	1	NaN	87.950	35	0.89173	177.4	177.4	177.4	1	NaN	56.539	33	0.54866	214.3	214.3	214.3	1	NaN	68.499	26	0.94526	160.3	160.3	160.3	1	NaN	57.777	35	0.48662	161.2	161.2	161.2	1	NaN	78.944	31	0.60097	
0610012D14RIK	3520451	509.9	509.9	509.9	1	NaN	128.054	35	0.99757	679.6	679.6	679.6	1	NaN	132.517	31	0.99878	668.9	668.9	668.9	1	NaN	149.760	31	1.00000	600.8	600.8	600.8	1	NaN	110.633	45	0.99878	323.3	323.3	323.3	1	NaN	90.107	26	0.99757	1034.9	1034.9	1034.9	1	NaN	164.735	38	1.00000	924.6	924.6	924.6	1	NaN	206.304	35	1.00000	632.7	632.7	632.7	1	NaN	177.668	47	0.99878	711.7	711.7	711.7	1	NaN	205.932	36	0.99878	684.1	684.1	684.1	1	NaN	229.084	43	1.00000	693.1	693.1	693.1	1	NaN	157.848	43	0.99878	556.6	556.6	556.6	1	NaN	195.989	48	0.99878	650.8	650.8	650.8	1	NaN	166.059	41	0.99878	699.4	699.4	699.4	1	NaN	172.019	41	0.99878	601.6	601.6	601.6	1	NaN	176.496	41	0.99878	675.0	675.0	675.0	1	NaN	169.112	45	0.99878	
0610012D17RIK	1850168	2142.4	2142.4	2142.4	1	NaN	457.928	20	1.00000	2580.7	2580.7	2580.7	1	NaN	545.011	18	1.00000	2160.4	2160.4	2160.4	1	NaN	348.775	36	1.00000	2235.8	2235.8	2235.8	1	NaN	496.967	34	1.00000	1275.3	1275.3	1275.3	1	NaN	248.496	24	1.00000	4388.2	4388.2	4388.2	1	NaN	699.662	27	1.00000	3733.4	3733.4	3733.4	1	NaN	1000.255	27	1.00000	2664.9	2664.9	2664.9	1	NaN	487.945	25	1.00000	3325.5	3325.5	3325.5	1	NaN	784.402	22	1.00000	2894.8	2894.8	2894.8	1	NaN	756.842	32	1.00000	2945.6	2945.6	2945.6	1	NaN	565.213	29	1.00000	3018.0	3018.0	3018.0	1	NaN	531.989	24	1.00000	3179.6	3179.6	3179.6	1	NaN	602.123	37	1.00000	3053.9	3053.9	3053.9	1	NaN	716.578	29	1.00000	3032.0	3032.0	3032.0	1	NaN	847.829	26	1.00000	3139.1	3139.1	3139.1	1	NaN	564.179	33	1.00000	
0610012G03RIK	4060398	10337.2	10337.2	10337.2	1	NaN	2737.944	30	1.00000	9485.6	9485.6	9485.6	1	NaN	2831.254	39	1.00000	12573.7	12573.7	12573.7	1	NaN	2690.153	35	1.00000	9890.4	9890.4	9890.4	1	NaN	2384.798	51	1.00000	2887.4	2887.4	2887.4	1	NaN	627.723	38	1.00000	14522.8	14522.8	14522.8	1	NaN	3811.872	35	1.00000	13319.6	13319.6	13319.6	1	NaN	3133.610	37	1.00000	10344.0	10344.0	10344.0	1	NaN	2933.471	36	1.00000	13560.9	13560.9	13560.9	1	NaN	3505.780	49	1.00000	10901.6	10901.6	10901.6	1	NaN	3485.689	45	1.00000	11628.2	11628.2	11628.2	1	NaN	3204.688	39	1.00000	12438.9	12438.9	12438.9	1	NaN	4363.655	42	1.00000	13718.0	13718.0	13718.0	1	NaN	4387.133	40	1.00000	11991.2	11991.2	11991.2	1	NaN	2788.892	36	1.00000	13406.9	13406.9	13406.9	1	NaN	4667.108	51	1.00000	11493.5	11493.5	11493.5	1	NaN	3560.182	42	1.00000	
0610012H03RIK	5290600	141.7	141.7	141.7	1	NaN	69.139	30	0.15085	158.6	158.6	158.6	1	NaN	72.494	25	0.62409	128.6	128.6	128.6	1	NaN	49.083	32	0.03528	154.7	154.7	154.7	1	NaN	81.589	29	0.39173	129.3	129.3	129.3	1	NaN	37.884	25	0.10584	192.4	192.4	192.4	1	NaN	67.967	24	0.63139	184.3	184.3	184.3	1	NaN	94.609	24	0.79805	132.6	132.6	132.6	1	NaN	58.816	22	0.04745	156.2	156.2	156.2	1	NaN	45.971	33	0.10706	161.6	161.6	161.6	1	NaN	61.235	25	0.48054	148.9	148.9	148.9	1	NaN	45.223	27	0.10462	152.8	152.8	152.8	1	NaN	65.671	33	0.34672	200.2	200.2	200.2	1	NaN	95.360	28	0.80900	174.2	174.2	174.2	1	NaN	70.246	26	0.64234	160.6	160.6	160.6	1	NaN	77.947	32	0.49027	157.3	157.3	157.3	1	NaN	73.124	34	0.54136	
0610013E23RIK	3360369	176.1	176.1	176.1	1	NaN	72.815	47	0.67883	180.3	180.3	180.3	1	NaN	80.675	56	0.87591	154.7	154.7	154.7	1	NaN	65.041	44	0.26521	154.2	154.2	154.2	1	NaN	58.177	46	0.38078	164.8	164.8	164.8	1	NaN	50.338	38	0.76399	159.1	159.1	159.1	1	NaN	47.978	41	0.13504	156.2	156.2	156.2	1	NaN	66.700	33	0.42579	190.7	190.7	190.7	1	NaN	79.300	55	0.83577	196.1	196.1	196.1	1	NaN	95.427	42	0.65693	161.8	161.8	161.8	1	NaN	60.643	36	0.48418	215.4	215.4	215.4	1	NaN	105.983	41	0.90633	168.4	168.4	168.4	1	NaN	65.823	37	0.61192	180.6	180.6	180.6	1	NaN	80.642	45	0.59367	165.2	165.2	165.2	1	NaN	59.812	47	0.51095	177.6	177.6	177.6	1	NaN	78.861	53	0.72141	148.7	148.7	148.7	1	NaN	59.238	30	0.38321	
0610025P10RIK	5220315	367.8	367.8	367.8	1	NaN	119.448	28	0.99757	388.3	388.3	388.3	1	NaN	114.091	26	0.99757	344.7	344.7	344.7	1	NaN	144.589	38	0.99513	460.6	460.6	460.6	1	NaN	202.874	32	0.99757	411.9	411.9	411.9	1	NaN	163.920	25	0.99878	680.8	680.8	680.8	1	NaN	173.767	34	0.99878	436.2	436.2	436.2	1	NaN	176.745	22	0.99757	526.3	526.3	526.3	1	NaN	176.411	28	0.99878	561.2	561.2	561.2	1	NaN	238.743	24	0.99878	473.7	473.7	473.7	1	NaN	159.079	28	0.99878	448.5	448.5	448.5	1	NaN	179.935	32	0.99757	479.7	479.7	479.7	1	NaN	246.406	50	0.99878	509.3	509.3	509.3	1	NaN	140.912	32	0.99878	439.9	439.9	439.9	1	NaN	128.386	27	0.99757	436.9	436.9	436.9	1	NaN	176.512	34	0.99757	445.7	445.7	445.7	1	NaN	137.140	30	0.99757	
0610025P10RIK	5420725	756.7	756.7	756.7	1	NaN	209.915	31	1.00000	656.4	656.4	656.4	1	NaN	177.821	32	0.99878	484.4	484.4	484.4	1	NaN	139.727	34	1.00000	753.8	753.8	753.8	1	NaN	252.111	24	0.99878	622.3	622.3	622.3	1	NaN	157.949	27	1.00000	1018.4	1018.4	1018.4	1	NaN	236.573	34	1.00000	777.2	777.2	777.2	1	NaN	261.094	32	0.99878	830.7	830.7	830.7	1	NaN	185.983	27	1.00000	900.1	900.1	900.1	1	NaN	278.833	33	0.99878	692.8	692.8	692.8	1	NaN	190.621	46	1.00000	796.1	796.1	796.1	1	NaN	224.130	36	1.00000	767.8	767.8	767.8	1	NaN	191.237	37	0.99878	851.0	851.0	851.0	1	NaN	264.967	34	1.00000	848.7	848.7	848.7	1	NaN	204.244	46	1.00000	849.8	849.8	849.8	1	NaN	246.578	36	1.00000	735.6	735.6	735.6	1	NaN	187.697	30	0.99878	
0610030E20RIK	630075	353.9	353.9	353.9	1	NaN	127.177	38	0.99635	309.6	309.6	309.6	1	NaN	110.055	22	0.99635	270.3	270.3	270.3	1	NaN	100.796	36	0.98662	382.0	382.0	382.0	1	NaN	134.270	35	0.99757	326.9	326.9	326.9	1	NaN	47.863	24	0.99757	405.3	405.3	405.3	1	NaN	119.659	44	0.99513	345.3	345.3	345.3	1	NaN	123.447	25	0.99392	397.0	397.0	397.0	1	NaN	132.762	39	0.99513	402.7	402.7	402.7	1	NaN	170.347	21	0.99635	327.2	327.2	327.2	1	NaN	107.390	46	0.99513	389.7	389.7	389.7	1	NaN	135.659	26	0.99513	384.2	384.2	384.2	1	NaN	154.948	29	0.99757	415.5	415.5	415.5	1	NaN	160.398	36	0.99757	337.1	337.1	337.1	1	NaN	110.482	34	0.99148	383.0	383.0	383.0	1	NaN	146.770	33	0.99513	359.9	359.9	359.9	1	NaN	147.284	27	0.99513	
0610031J06RIK	520397	2047.1	2047.1	2047.1	1	NaN	478.208	37	1.00000	1932.9	1932.9	1932.9	1	NaN	607.935	42	1.00000	1746.1	1746.1	1746.1	1	NaN	331.318	39	1.00000	1919.5	1919.5	1919.5	1	NaN	473.856	39	1.00000	725.3	725.3	725.3	1	NaN	176.748	27	1.00000	2530.4	2530.4	2530.4	1	NaN	491.800	34	1.00000	2406.5	2406.5	2406.5	1	NaN	618.245	24	1.00000	2518.5	2518.5	2518.5	1	NaN	465.127	51	1.00000	2452.5	2452.5	2452.5	1	NaN	594.314	34	1.00000	2147.4	2147.4	2147.4	1	NaN	646.570	34	1.00000	2545.3	2545.3	2545.3	1	NaN	629.526	25	1.00000	2254.3	2254.3	2254.3	1	NaN	620.608	32	1.00000	2340.7	2340.7	2340.7	1	NaN	396.100	31	1.00000	2410.8	2410.8	2410.8	1	NaN	633.906	42	1.00000	2258.1	2258.1	2258.1	1	NaN	667.410	31	1.00000	2080.6	2080.6	2080.6	1	NaN	461.268	40	1.00000	
0610031J06RIK	4780286	326.9	326.9	326.9	1	NaN	71.718	29	0.99270	340.1	340.1	340.1	1	NaN	131.852	29	0.99635	345.5	345.5	345.5	1	NaN	122.753	29	0.99513	304.2	304.2	304.2	1	NaN	91.341	29	0.99392	298.7	298.7	298.7	1	NaN	106.486	30	0.99757	470.9	470.9	470.9	1	NaN	120.776	38	0.99635	423.2	423.2	423.2	1	NaN	118.055	34	0.99757	439.7	439.7	439.7	1	NaN	111.150	24	0.99757	444.5	444.5	444.5	1	NaN	146.440	37	0.99757	397.3	397.3	397.3	1	NaN	177.282	29	0.99757	382.6	382.6	382.6	1	NaN	101.632	26	0.99513	430.3	430.3	430.3	1	NaN	136.355	37	0.99878	428.2	428.2	428.2	1	NaN	138.672	37	0.99757	363.5	363.5	363.5	1	NaN	91.466	30	0.99513	418.7	418.7	418.7	1	NaN	183.633	28	0.99757	386.6	386.6	386.6	1	NaN	148.443	30	0.99757	
0610037D15RIK	6840463	205.0	205.0	205.0	1	NaN	67.702	39	0.90754	193.1	193.1	193.1	1	NaN	66.913	34	0.93552	195.1	195.1	195.1	1	NaN	63.358	38	0.84063	214.4	214.4	214.4	1	NaN	91.028	27	0.96350	200.3	200.3	200.3	1	NaN	64.588	35	0.97932	268.7	268.7	268.7	1	NaN	101.947	32	0.97810	243.3	243.3	243.3	1	NaN	94.009	38	0.97932	229.9	229.9	229.9	1	NaN	74.865	27	0.97202	239.7	239.7	239.7	1	NaN	87.542	35	0.93552	199.1	199.1	199.1	1	NaN	93.025	37	0.88443	240.2	240.2	240.2	1	NaN	80.856	38	0.96594	200.0	200.0	200.0	1	NaN	94.062	29	0.90024	264.5	264.5	264.5	1	NaN	121.488	30	0.98418	220.9	220.9	220.9	1	NaN	69.093	37	0.95985	228.1	228.1	228.1	1	NaN	100.900	48	0.96350	202.3	202.3	202.3	1	NaN	70.627	29	0.94282	
0610037L13RIK	580136	895.4	895.4	895.4	1	NaN	237.553	31	1.00000	675.5	675.5	675.5	1	NaN	212.731	36	0.99878	1025.9	1025.9	1025.9	1	NaN	256.080	32	1.00000	897.1	897.1	897.1	1	NaN	248.569	25	0.99878	385.2	385.2	385.2	1	NaN	98.617	29	0.99878	1448.7	1448.7	1448.7	1	NaN	366.163	33	1.00000	1018.3	1018.3	1018.3	1	NaN	195.138	25	1.00000	961.1	961.1	961.1	1	NaN	245.086	32	1.00000	979.8	979.8	979.8	1	NaN	245.488	26	1.00000	985.0	985.0	985.0	1	NaN	311.130	42	1.00000	1137.1	1137.1	1137.1	1	NaN	364.411	33	1.00000	973.2	973.2	973.2	1	NaN	265.854	36	1.00000	1086.9	1086.9	1086.9	1	NaN	308.587	44	1.00000	1130.1	1130.1	1130.1	1	NaN	315.576	41	1.00000	1025.5	1025.5	1025.5	1	NaN	252.936	33	1.00000	1022.5	1022.5	1022.5	1	NaN	236.415	28	1.00000	
0610037L13RIK	1940605	1849.1	1849.1	1849.1	1	NaN	433.423	29	1.00000	1558.0	1558.0	1558.0	1	NaN	477.880	30	1.00000	2200.8	2200.8	2200.8	1	NaN	398.971	37	1.00000	1681.3	1681.3	1681.3	1	NaN	446.490	27	1.00000	651.2	651.2	651.2	1	NaN	136.619	25	1.00000	2615.1	2615.1	2615.1	1	NaN	464.842	26	1.00000	2192.3	2192.3	2192.3	1	NaN	730.591	24	1.00000	2142.6	2142.6	2142.6	1	NaN	450.648	32	1.00000	1986.5	1986.5	1986.5	1	NaN	478.202	29	1.00000	2050.6	2050.6	2050.6	1	NaN	552.718	23	1.00000	2068.0	2068.0	2068.0	1	NaN	406.478	22	1.00000	2181.0	2181.0	2181.0	1	NaN	475.734	32	1.00000	2145.6	2145.6	2145.6	1	NaN	513.809	32	1.00000	2253.8	2253.8	2253.8	1	NaN	485.668	25	1.00000	2217.0	2217.0	2217.0	1	NaN	691.118	35	1.00000	2103.0	2103.0	2103.0	1	NaN	531.109	31	1.00000	
0610037P05RIK	2320156	128.6	128.6	128.6	1	NaN	52.332	49	0.04015	143.8	143.8	143.8	1	NaN	62.498	42	0.35766	161.1	161.1	161.1	1	NaN	63.068	47	0.37470	159.4	159.4	159.4	1	NaN	70.784	37	0.46837	131.8	131.8	131.8	1	NaN	40.771	47	0.13382	162.2	162.2	162.2	1	NaN	54.355	48	0.17640	158.9	158.9	158.9	1	NaN	81.637	31	0.46959	156.7	156.7	156.7	1	NaN	66.684	33	0.35401	157.3	157.3	157.3	1	NaN	52.253	42	0.11679	153.7	153.7	153.7	1	NaN	73.146	35	0.36740	142.3	142.3	142.3	1	NaN	59.288	49	0.05718	133.6	133.6	133.6	1	NaN	67.783	48	0.10584	155.7	155.7	155.7	1	NaN	83.698	31	0.19100	135.7	135.7	135.7	1	NaN	66.555	41	0.07908	126.2	126.2	126.2	1	NaN	50.348	44	0.04745	124.7	124.7	124.7	1	NaN	70.557	35	0.06569	
0610037P05RIK	3360332	223.7	223.7	223.7	1	NaN	66.811	35	0.96594	181.1	181.1	181.1	1	NaN	69.480	39	0.88321	269.6	269.6	269.6	1	NaN	111.249	43	0.98662	218.5	218.5	218.5	1	NaN	70.205	35	0.96837	184.7	184.7	184.7	1	NaN	59.616	42	0.94526	298.1	298.1	298.1	1	NaN	94.349	39	0.98662	252.2	252.2	252.2	1	NaN	113.906	34	0.98418	267.1	267.1	267.1	1	NaN	99.068	52	0.98783	333.4	333.4	333.4	1	NaN	150.679	44	0.99270	176.7	176.7	176.7	1	NaN	59.380	35	0.70073	295.3	295.3	295.3	1	NaN	126.135	56	0.98905	244.9	244.9	244.9	1	NaN	112.116	36	0.98054	293.8	293.8	293.8	1	NaN	104.162	39	0.99027	277.4	277.4	277.4	1	NaN	126.958	38	0.98783	280.1	280.1	280.1	1	NaN	120.173	40	0.98662	257.9	257.9	257.9	1	NaN	96.774	42	0.98540	
0610037P05RIK	6650592	152.3	152.3	152.3	1	NaN	59.268	46	0.30657	144.3	144.3	144.3	1	NaN	58.495	35	0.37226	152.6	152.6	152.6	1	NaN	53.190	30	0.23601	209.6	209.6	209.6	1	NaN	101.760	44	0.95499	121.4	121.4	121.4	1	NaN	31.571	42	0.04136	191.0	191.0	191.0	1	NaN	61.996	46	0.61800	172.9	172.9	172.9	1	NaN	81.019	34	0.66302	178.9	178.9	178.9	1	NaN	70.787	36	0.72019	201.6	201.6	201.6	1	NaN	83.405	38	0.72749	185.4	185.4	185.4	1	NaN	79.707	39	0.80170	187.1	187.1	187.1	1	NaN	75.235	37	0.64964	188.7	188.7	188.7	1	NaN	80.005	37	0.83455	175.9	175.9	175.9	1	NaN	67.933	46	0.53285	185.5	185.5	185.5	1	NaN	72.072	53	0.75791	176.4	176.4	176.4	1	NaN	84.875	42	0.70681	151.9	151.9	151.9	1	NaN	55.473	40	0.43796	
0610038F07RIK	2940673	1441.4	1441.4	1441.4	1	NaN	397.491	37	1.00000	1043.5	1043.5	1043.5	1	NaN	249.291	32	1.00000	1215.9	1215.9	1215.9	1	NaN	306.008	35	1.00000	1146.0	1146.0	1146.0	1	NaN	257.995	30	1.00000	498.3	498.3	498.3	1	NaN	129.707	32	0.99878	1459.5	1459.5	1459.5	1	NaN	347.841	34	1.00000	1452.3	1452.3	1452.3	1	NaN	417.588	40	1.00000	1651.6	1651.6	1651.6	1	NaN	535.995	33	1.00000	1680.3	1680.3	1680.3	1	NaN	477.628	52	1.00000	1442.3	1442.3	1442.3	1	NaN	484.181	33	1.00000	1598.5	1598.5	1598.5	1	NaN	507.726	49	1.00000	1480.3	1480.3	1480.3	1	NaN	457.488	35	1.00000	1718.2	1718.2	1718.2	1	NaN	575.578	38	1.00000	1546.1	1546.1	1546.1	1	NaN	507.925	36	1.00000	1555.3	1555.3	1555.3	1	NaN	477.763	36	1.00000	1458.5	1458.5	1458.5	1	NaN	415.964	48	1.00000	
0610040D20RIK	5360672	148.4	148.4	148.4	1	NaN	78.901	45	0.24818	162.1	162.1	162.1	1	NaN	82.318	39	0.68735	158.0	158.0	158.0	1	NaN	58.045	39	0.32238	124.8	124.8	124.8	1	NaN	52.359	36	0.04015	136.6	136.6	136.6	1	NaN	40.813	26	0.21046	173.7	173.7	173.7	1	NaN	62.964	37	0.36253	155.2	155.2	155.2	1	NaN	84.078	36	0.41119	140.8	140.8	140.8	1	NaN	56.402	36	0.10462	152.0	152.0	152.0	1	NaN	59.207	43	0.07421	147.4	147.4	147.4	1	NaN	74.448	44	0.27616	175.6	175.6	175.6	1	NaN	72.222	38	0.47324	137.7	137.7	137.7	1	NaN	62.201	24	0.14720	175.0	175.0	175.0	1	NaN	88.307	36	0.51338	152.0	152.0	152.0	1	NaN	74.516	42	0.26156	140.0	140.0	140.0	1	NaN	78.303	28	0.16423	140.2	140.2	140.2	1	NaN	54.790	39	0.24088	
0610040J01RIK	460064	912.1	912.1	912.1	1	NaN	216.480	24	1.00000	671.9	671.9	671.9	1	NaN	148.594	23	0.99878	942.2	942.2	942.2	1	NaN	172.429	37	1.00000	808.7	808.7	808.7	1	NaN	236.057	36	0.99878	353.1	353.1	353.1	1	NaN	97.351	30	0.99878	1168.4	1168.4	1168.4	1	NaN	304.039	35	1.00000	1022.3	1022.3	1022.3	1	NaN	284.455	38	1.00000	974.5	974.5	974.5	1	NaN	244.304	42	1.00000	1108.4	1108.4	1108.4	1	NaN	242.962	34	1.00000	914.9	914.9	914.9	1	NaN	319.685	28	1.00000	1092.2	1092.2	1092.2	1	NaN	258.682	41	1.00000	1004.6	1004.6	1004.6	1	NaN	349.140	44	1.00000	972.2	972.2	972.2	1	NaN	233.685	32	1.00000	1075.6	1075.6	1075.6	1	NaN	280.206	42	1.00000	1172.8	1172.8	1172.8	1	NaN	362.721	38	1.00000	1028.8	1028.8	1028.8	1	NaN	300.611	34	1.00000	
0710005I19RIK	540377	566.3	566.3	566.3	1	NaN	133.227	31	0.99878	439.5	439.5	439.5	1	NaN	97.955	33	0.99878	519.3	519.3	519.3	1	NaN	128.311	42	1.00000	656.9	656.9	656.9	1	NaN	154.964	39	0.99878	341.7	341.7	341.7	1	NaN	102.842	40	0.99757	665.8	665.8	665.8	1	NaN	197.056	47	0.99878	588.6	588.6	588.6	1	NaN	180.296	46	0.99878	702.1	702.1	702.1	1	NaN	175.001	34	0.99878	690.0	690.0	690.0	1	NaN	151.648	46	0.99878	560.7	560.7	560.7	1	NaN	259.397	41	0.99878	693.6	693.6	693.6	1	NaN	212.058	39	0.99878	628.9	628.9	628.9	1	NaN	227.145	43	0.99878	746.1	746.1	746.1	1	NaN	217.857	48	0.99878	654.9	654.9	654.9	1	NaN	172.796	35	0.99878	713.5	713.5	713.5	1	NaN	203.125	50	0.99878	590.4	590.4	590.4	1	NaN	177.255	51	0.99878	
0710008K08RIK	6650288	4376.0	4376.0	4376.0	1	NaN	814.831	34	1.00000	3866.5	3866.5	3866.5	1	NaN	1043.035	31	1.00000	4300.8	4300.8	4300.8	1	NaN	801.397	30	1.00000	3921.9	3921.9	3921.9	1	NaN	905.684	32	1.00000	1296.3	1296.3	1296.3	1	NaN	159.935	28	1.00000	6009.8	6009.8	6009.8	1	NaN	1137.254	33	1.00000	5691.5	5691.5	5691.5	1	NaN	1429.284	31	1.00000	4961.6	4961.6	4961.6	1	NaN	1013.433	29	1.00000	5189.9	5189.9	5189.9	1	NaN	1357.416	26	1.00000	4462.4	4462.4	4462.4	1	NaN	1117.005	37	1.00000	5153.2	5153.2	5153.2	1	NaN	950.389	36	1.00000	5127.8	5127.8	5127.8	1	NaN	1280.249	36	1.00000	5463.5	5463.5	5463.5	1	NaN	1251.073	39	1.00000	5374.6	5374.6	5374.6	1	NaN	1142.164	39	1.00000	4969.8	4969.8	4969.8	1	NaN	1440.997	32	1.00000	4810.4	4810.4	4810.4	1	NaN	1418.713	33	1.00000	
0910001A06RIK	1850167	3802.5	3802.5	3802.5	1	NaN	778.093	20	1.00000	3468.9	3468.9	3468.9	1	NaN	727.785	24	1.00000	2541.4	2541.4	2541.4	1	NaN	459.583	26	1.00000	4430.8	4430.8	4430.8	1	NaN	1088.228	26	1.00000	1945.7	1945.7	1945.7	1	NaN	445.983	22	1.00000	4824.2	4824.2	4824.2	1	NaN	539.599	13	1.00000	5821.5	5821.5	5821.5	1	NaN	1029.759	20	1.00000	4690.9	4690.9	4690.9	1	NaN	917.584	28	1.00000	5096.1	5096.1	5096.1	1	NaN	1240.035	38	1.00000	4127.9	4127.9	4127.9	1	NaN	1055.481	35	1.00000	4894.3	4894.3	4894.3	1	NaN	1028.495	28	1.00000	5009.3	5009.3	5009.3	1	NaN	1484.002	29	1.00000	5270.8	5270.8	5270.8	1	NaN	1209.547	31	1.00000	5025.4	5025.4	5025.4	1	NaN	1104.062	27	1.00000	4945.2	4945.2	4945.2	1	NaN	1069.634	22	1.00000	4522.8	4522.8	4522.8	1	NaN	1014.125	29	1.00000	
0910001A06RIK	5340048	713.9	713.9	713.9	1	NaN	141.831	29	0.99878	691.3	691.3	691.3	1	NaN	168.949	21	0.99878	561.2	561.2	561.2	1	NaN	99.142	19	1.00000	798.1	798.1	798.1	1	NaN	233.324	28	0.99878	492.6	492.6	492.6	1	NaN	101.090	28	0.99878	1048.0	1048.0	1048.0	1	NaN	203.257	32	1.00000	870.8	870.8	870.8	1	NaN	228.709	34	1.00000	827.1	827.1	827.1	1	NaN	296.428	25	1.00000	886.2	886.2	886.2	1	NaN	194.750	23	0.99878	878.9	878.9	878.9	1	NaN	333.161	21	1.00000	887.3	887.3	887.3	1	NaN	181.899	23	1.00000	997.1	997.1	997.1	1	NaN	335.821	32	1.00000	908.0	908.0	908.0	1	NaN	231.652	27	1.00000	877.2	877.2	877.2	1	NaN	211.837	29	1.00000	771.4	771.4	771.4	1	NaN	229.978	30	1.00000	804.3	804.3	804.3	1	NaN	205.658	23	1.00000	
0910001L09RIK	7100672	6549.9	6549.9	6549.9	1	NaN	1247.178	28	1.00000	5970.1	5970.1	5970.1	1	NaN	1191.850	26	1.00000	4397.5	4397.5	4397.5	1	NaN	463.466	30	1.00000	5968.7	5968.7	5968.7	1	NaN	1200.786	30	1.00000	2750.0	2750.0	2750.0	1	NaN	420.084	29	1.00000	8506.8	8506.8	8506.8	1	NaN	1322.332	23	1.00000	7818.5	7818.5	7818.5	1	NaN	1588.361	32	1.00000	7195.2	7195.2	7195.2	1	NaN	1464.237	31	1.00000	8027.9	8027.9	8027.9	1	NaN	1655.576	41	1.00000	7187.8	7187.8	7187.8	1	NaN	1694.317	39	1.00000	7163.1	7163.1	7163.1	1	NaN	1605.444	32	1.00000	6648.5	6648.5	6648.5	1	NaN	1636.228	24	1.00000	7649.6	7649.6	7649.6	1	NaN	1614.550	19	1.00000	7263.9	7263.9	7263.9	1	NaN	1942.600	29	1.00000	7274.0	7274.0	7274.0	1	NaN	1458.038	34	1.00000	6750.8	6750.8	6750.8	1	NaN	1839.651	27	1.00000	
1100001E04RIK	4920133	242.9	242.9	242.9	1	NaN	80.157	30	0.98418	279.6	279.6	279.6	1	NaN	108.816	39	0.99392	408.3	408.3	408.3	1	NaN	169.403	36	0.99878	284.3	284.3	284.3	1	NaN	107.105	31	0.99027	205.9	205.9	205.9	1	NaN	52.143	39	0.98662	399.4	399.4	399.4	1	NaN	127.881	51	0.99513	318.6	318.6	318.6	1	NaN	137.586	35	0.99148	352.6	352.6	352.6	1	NaN	112.538	38	0.99148	514.3	514.3	514.3	1	NaN	154.736	42	0.99878	397.5	397.5	397.5	1	NaN	139.394	33	0.99757	452.6	452.6	452.6	1	NaN	132.752	38	0.99757	423.5	423.5	423.5	1	NaN	150.181	43	0.99757	434.0	434.0	434.0	1	NaN	153.247	41	0.99757	480.2	480.2	480.2	1	NaN	147.523	37	0.99878	454.8	454.8	454.8	1	NaN	126.329	45	0.99757	471.0	471.0	471.0	1	NaN	174.137	59	0.99878	
1100001G20RIK	3610368	180.6	180.6	180.6	1	NaN	65.915	44	0.72749	139.1	139.1	139.1	1	NaN	53.958	41	0.27981	174.4	174.4	174.4	1	NaN	90.724	37	0.61557	159.1	159.1	159.1	1	NaN	63.703	37	0.46472	142.3	142.3	142.3	1	NaN	52.783	33	0.31752	164.7	164.7	164.7	1	NaN	42.699	37	0.20803	157.3	157.3	157.3	1	NaN	79.428	41	0.44161	184.2	184.2	184.2	1	NaN	90.534	36	0.77981	184.0	184.0	184.0	1	NaN	67.698	37	0.48418	190.5	190.5	190.5	1	NaN	111.073	42	0.83577	199.9	199.9	199.9	1	NaN	97.417	40	0.79440	158.6	158.6	158.6	1	NaN	53.581	33	0.44526	188.2	188.2	188.2	1	NaN	78.394	40	0.69100	160.8	160.8	160.8	1	NaN	53.490	45	0.42092	140.8	140.8	140.8	1	NaN	68.487	34	0.17518	149.0	149.0	149.0	1	NaN	61.228	45	0.38686	
1100001H23RIK	7000066	150.3	150.3	150.3	1	NaN	63.753	33	0.27859	140.5	140.5	140.5	1	NaN	43.405	44	0.30170	167.3	167.3	167.3	1	NaN	64.102	40	0.50243	148.5	148.5	148.5	1	NaN	51.573	37	0.29319	135.8	135.8	135.8	1	NaN	39.629	33	0.20195	187.7	187.7	187.7	1	NaN	67.874	34	0.58273	157.5	157.5	157.5	1	NaN	54.337	33	0.44404	156.3	156.3	156.3	1	NaN	68.219	34	0.34063	192.4	192.4	192.4	1	NaN	71.947	41	0.61192	176.7	176.7	176.7	1	NaN	97.679	49	0.70073	160.4	160.4	160.4	1	NaN	63.385	36	0.20681	178.5	178.5	178.5	1	NaN	83.646	29	0.74939	157.8	157.8	157.8	1	NaN	54.702	50	0.21655	177.1	177.1	177.1	1	NaN	74.614	43	0.66910	138.2	138.2	138.2	1	NaN	52.777	49	0.13990	180.3	180.3	180.3	1	NaN	100.508	36	0.82725	
1110001A07RIK	540164	158.4	158.4	158.4	1	NaN	65.951	34	0.40024	145.7	145.7	145.7	1	NaN	55.002	31	0.40268	153.1	153.1	153.1	1	NaN	53.161	42	0.24453	153.4	153.4	153.4	1	NaN	54.089	27	0.36375	152.1	152.1	152.1	1	NaN	51.755	35	0.52433	177.9	177.9	177.9	1	NaN	65.670	29	0.41971	153.4	153.4	153.4	1	NaN	67.690	35	0.38808	139.8	139.8	139.8	1	NaN	51.042	38	0.09489	191.6	191.6	191.6	1	NaN	88.944	47	0.59367	134.2	134.2	134.2	1	NaN	63.761	44	0.09611	156.5	156.5	156.5	1	NaN	49.419	34	0.15937	152.1	152.1	152.1	1	NaN	54.299	38	0.33212	162.7	162.7	162.7	1	NaN	50.753	39	0.29927	173.1	173.1	173.1	1	NaN	60.240	40	0.62530	152.7	152.7	152.7	1	NaN	68.822	47	0.35280	165.2	165.2	165.2	1	NaN	72.629	40	0.65693	
1110001A07RIK	6510735	161.1	161.1	161.1	1	NaN	81.682	43	0.43431	164.1	164.1	164.1	1	NaN	84.378	42	0.71898	168.0	168.0	168.0	1	NaN	58.303	35	0.51338	158.9	158.9	158.9	1	NaN	82.429	40	0.46229	164.3	164.3	164.3	1	NaN	51.205	45	0.76034	172.0	172.0	172.0	1	NaN	67.289	47	0.32968	170.5	170.5	170.5	1	NaN	66.335	37	0.62409	180.1	180.1	180.1	1	NaN	72.058	35	0.73479	149.4	149.4	149.4	1	NaN	71.488	39	0.05839	157.6	157.6	157.6	1	NaN	85.758	49	0.42822	191.5	191.5	191.5	1	NaN	75.446	47	0.71046	158.4	158.4	158.4	1	NaN	84.286	43	0.44039	178.6	178.6	178.6	1	NaN	79.031	41	0.56448	156.7	156.7	156.7	1	NaN	65.506	37	0.33333	143.7	143.7	143.7	1	NaN	52.152	46	0.21898	146.4	146.4	146.4	1	NaN	55.711	40	0.34185	
1110001D15RIK	7100161	125.5	125.5	125.5	1	NaN	28.937	6	0.02676	174.0	174.0	174.0	1	NaN	100.498	14	0.82603	171.2	171.2	171.2	1	NaN	50.582	13	0.57421	136.3	136.3	136.3	1	NaN	62.571	19	0.12530	125.9	125.9	125.9	1	NaN	31.743	13	0.07299	179.4	179.4	179.4	1	NaN	70.524	19	0.44161	186.8	186.8	186.8	1	NaN	77.317	23	0.82847	193.6	193.6	193.6	1	NaN	78.007	13	0.85280	153.7	153.7	153.7	1	NaN	57.292	41	0.09002	143.7	143.7	143.7	1	NaN	74.265	19	0.22019	167.5	167.5	167.5	1	NaN	98.416	22	0.32238	167.9	167.9	167.9	1	NaN	88.635	24	0.60341	188.8	188.8	188.8	1	NaN	84.704	23	0.70073	171.3	171.3	171.3	1	NaN	56.219	18	0.60462	170.7	170.7	170.7	1	NaN	56.299	26	0.64234	182.7	182.7	182.7	1	NaN	103.153	34	0.85037	
1110001J03RIK	2570184	12694.4	12694.4	12694.4	1	NaN	2676.656	33	1.00000	11673.5	11673.5	11673.5	1	NaN	2926.115	39	1.00000	16251.5	16251.5	16251.5	1	NaN	2273.296	27	1.00000	10637.9	10637.9	10637.9	1	NaN	2081.902	39	1.00000	3274.9	3274.9	3274.9	1	NaN	554.881	41	1.00000	15851.2	15851.2	15851.2	1	NaN	2546.203	31	1.00000	15814.2	15814.2	15814.2	1	NaN	4164.668	26	1.00000	13126.1	13126.1	13126.1	1	NaN	2525.831	25	1.00000	13977.2	13977.2	13977.2	1	NaN	3172.253	40	1.00000	11612.9	11612.9	11612.9	1	NaN	2858.323	41	1.00000	13177.1	13177.1	13177.1	1	NaN	2588.559	43	1.00000	13129.9	13129.9	13129.9	1	NaN	3659.450	43	1.00000	14770.5	14770.5	14770.5	1	NaN	2717.871	40	1.00000	13676.0	13676.0	13676.0	1	NaN	2680.502	38	1.00000	12079.7	12079.7	12079.7	1	NaN	2662.539	35	1.00000	12667.4	12667.4	12667.4	1	NaN	2846.984	42	1.00000	
1110002B05RIK	3060280	3346.7	3346.7	3346.7	1	NaN	1039.420	51	1.00000	3315.9	3315.9	3315.9	1	NaN	1022.913	47	1.00000	3165.8	3165.8	3165.8	1	NaN	696.058	38	1.00000	3508.7	3508.7	3508.7	1	NaN	1100.914	42	1.00000	1531.3	1531.3	1531.3	1	NaN	360.791	35	1.00000	4911.8	4911.8	4911.8	1	NaN	1083.604	29	1.00000	5194.3	5194.3	5194.3	1	NaN	1779.251	45	1.00000	4275.9	4275.9	4275.9	1	NaN	1239.568	36	1.00000	5045.3	5045.3	5045.3	1	NaN	1646.671	35	1.00000	4332.9	4332.9	4332.9	1	NaN	1106.885	32	1.00000	5066.9	5066.9	5066.9	1	NaN	1611.989	44	1.00000	4405.6	4405.6	4405.6	1	NaN	1182.828	37	1.00000	5327.9	5327.9	5327.9	1	NaN	1956.994	42	1.00000	5018.1	5018.1	5018.1	1	NaN	1354.117	45	1.00000	5059.3	5059.3	5059.3	1	NaN	1377.403	35	1.00000	5097.2	5097.2	5097.2	1	NaN	1579.295	49	1.00000	
1110002E23RIK	6940176	1093.9	1093.9	1093.9	1	NaN	284.288	34	1.00000	764.0	764.0	764.0	1	NaN	263.545	36	1.00000	536.3	536.3	536.3	1	NaN	115.084	44	1.00000	924.6	924.6	924.6	1	NaN	180.778	41	1.00000	476.8	476.8	476.8	1	NaN	120.420	28	0.99878	1228.2	1228.2	1228.2	1	NaN	213.342	36	1.00000	957.8	957.8	957.8	1	NaN	235.789	41	1.00000	1298.0	1298.0	1298.0	1	NaN	213.853	33	1.00000	979.4	979.4	979.4	1	NaN	240.072	31	1.00000	952.6	952.6	952.6	1	NaN	272.635	41	1.00000	1135.0	1135.0	1135.0	1	NaN	291.102	44	1.00000	997.6	997.6	997.6	1	NaN	342.234	41	1.00000	1172.7	1172.7	1172.7	1	NaN	273.193	38	1.00000	1128.9	1128.9	1128.9	1	NaN	266.092	31	1.00000	1115.7	1115.7	1115.7	1	NaN	324.225	38	1.00000	1001.9	1001.9	1001.9	1	NaN	231.255	40	1.00000	
1110002H13RIK	2680128	220.9	220.9	220.9	1	NaN	80.860	34	0.95620	183.5	183.5	183.5	1	NaN	87.507	42	0.89781	217.0	217.0	217.0	1	NaN	82.875	35	0.95134	207.5	207.5	207.5	1	NaN	69.997	40	0.95134	178.8	178.8	178.8	1	NaN	51.502	34	0.91849	251.3	251.3	251.3	1	NaN	93.534	32	0.95620	209.6	209.6	209.6	1	NaN	100.783	38	0.94404	193.8	193.8	193.8	1	NaN	70.490	41	0.85280	221.1	221.1	221.1	1	NaN	73.284	40	0.88564	203.7	203.7	203.7	1	NaN	83.946	43	0.90511	215.3	215.3	215.3	1	NaN	70.155	37	0.90146	223.7	223.7	223.7	1	NaN	105.553	33	0.96350	250.1	250.1	250.1	1	NaN	103.780	34	0.97202	201.9	201.9	201.9	1	NaN	89.423	45	0.89781	195.2	195.2	195.2	1	NaN	95.435	32	0.87348	183.6	183.6	183.6	1	NaN	78.094	49	0.85766	
1110002N22RIK	2850736	554.1	554.1	554.1	1	NaN	160.884	52	0.99878	449.3	449.3	449.3	1	NaN	127.896	40	0.99878	491.4	491.4	491.4	1	NaN	108.527	40	1.00000	508.4	508.4	508.4	1	NaN	134.477	48	0.99878	383.7	383.7	383.7	1	NaN	117.796	43	0.99878	712.9	712.9	712.9	1	NaN	188.804	35	0.99878	610.3	610.3	610.3	1	NaN	191.540	45	0.99878	618.4	618.4	618.4	1	NaN	153.590	42	0.99878	683.4	683.4	683.4	1	NaN	209.633	47	0.99878	530.2	530.2	530.2	1	NaN	139.653	42	0.99878	609.5	609.5	609.5	1	NaN	168.527	38	0.99878	590.7	590.7	590.7	1	NaN	197.467	40	0.99878	641.8	641.8	641.8	1	NaN	179.960	55	0.99878	625.4	625.4	625.4	1	NaN	147.981	42	0.99878	577.6	577.6	577.6	1	NaN	178.732	66	0.99878	568.7	568.7	568.7	1	NaN	190.563	38	0.99878	
1110003E01RIK	6400184	7568.5	7568.5	7568.5	1	NaN	1612.845	38	1.00000	7314.3	7314.3	7314.3	1	NaN	1395.262	23	1.00000	9758.2	9758.2	9758.2	1	NaN	2014.055	27	1.00000	7233.0	7233.0	7233.0	1	NaN	2021.207	25	1.00000	2915.4	2915.4	2915.4	1	NaN	568.883	22	1.00000	10446.1	10446.1	10446.1	1	NaN	1257.607	22	1.00000	9591.5	9591.5	9591.5	1	NaN	2643.909	23	1.00000	9059.0	9059.0	9059.0	1	NaN	1818.932	22	1.00000	8804.4	8804.4	8804.4	1	NaN	1664.882	28	1.00000	8470.7	8470.7	8470.7	1	NaN	2873.206	20	1.00000	10542.6	10542.6	10542.6	1	NaN	2316.285	29	1.00000	8801.6	8801.6	8801.6	1	NaN	1957.708	35	1.00000	9732.6	9732.6	9732.6	1	NaN	2197.180	37	1.00000	9365.6	9365.6	9365.6	1	NaN	1811.661	23	1.00000	9755.9	9755.9	9755.9	1	NaN	2334.058	31	1.00000	9217.3	9217.3	9217.3	1	NaN	1832.476	27	1.00000	
1110003P22RIK	4010450	760.8	760.8	760.8	1	NaN	184.936	34	1.00000	747.5	747.5	747.5	1	NaN	234.401	31	0.99878	816.3	816.3	816.3	1	NaN	275.932	28	1.00000	712.0	712.0	712.0	1	NaN	277.745	36	0.99878	487.9	487.9	487.9	1	NaN	130.174	31	0.99878	1087.9	1087.9	1087.9	1	NaN	269.350	35	1.00000	955.5	955.5	955.5	1	NaN	298.631	41	1.00000	1108.4	1108.4	1108.4	1	NaN	341.327	34	1.00000	1330.5	1330.5	1330.5	1	NaN	440.437	42	1.00000	1006.1	1006.1	1006.1	1	NaN	368.187	28	1.00000	1098.0	1098.0	1098.0	1	NaN	447.141	29	1.00000	1105.4	1105.4	1105.4	1	NaN	357.062	36	1.00000	1220.1	1220.1	1220.1	1	NaN	413.654	40	1.00000	1210.1	1210.1	1210.1	1	NaN	381.549	27	1.00000	1514.2	1514.2	1514.2	1	NaN	549.274	42	1.00000	1249.7	1249.7	1249.7	1	NaN	440.728	39	1.00000	
1110004E09RIK	6040537	157.2	157.2	157.2	1	NaN	41.251	36	0.38200	140.8	140.8	140.8	1	NaN	54.046	33	0.30900	202.1	202.1	202.1	1	NaN	84.194	35	0.88686	156.3	156.3	156.3	1	NaN	73.444	36	0.42092	154.7	154.7	154.7	1	NaN	44.545	36	0.58394	189.9	189.9	189.9	1	NaN	69.433	36	0.60462	172.6	172.6	172.6	1	NaN	83.626	42	0.65693	148.5	148.5	148.5	1	NaN	41.441	35	0.21533	208.5	208.5	208.5	1	NaN	77.781	35	0.80049	170.6	170.6	170.6	1	NaN	70.166	42	0.62287	176.0	176.0	176.0	1	NaN	72.340	34	0.47932	158.0	158.0	158.0	1	NaN	63.261	37	0.43431	173.3	173.3	173.3	1	NaN	84.612	37	0.48175	185.3	185.3	185.3	1	NaN	76.452	54	0.75669	166.4	166.4	166.4	1	NaN	68.009	36	0.57664	198.9	198.9	198.9	1	NaN	99.662	43	0.93552	
